40 20 30 20 40 20 30 20 40 20 30 20 40 20 30 20
40 20 30 20 40 20 30 20 40 20 30 20 40 20 30 30
40 20 30 20 40 20 30 20 40 20 30 20 40 20 30 40
40 20 30 20 40 20 30 20 40 20 30 20 40 20 30 50
40 20 30 20 40 20 30 20 40 20 30 20 40 20 30 60
40 20 30 20 40 20 30 20 40 20 30 20 40 20 30 70
40 20 30 20 40 20 30 20 40 20 30 20 40 20 30 80
40 20 30 20 40 20 30 20 40 20 30 20 40 20 30 20
40 20 30 20 40 20 30 20 40 20 30 20 40 20 30 30
40 20 30 20 40 20 30 20 40 20 30 20 40 20 30 40
40 20 30 20 40 20 30 20 40 20 30 20 40 20 30 20
40 20 30 20 40 20 30 20 40 20 30 20 40 20 30 20
40 20 30 20 40 20 30 20 40 20 30 20 40 20 30 20
40 20 30 20 40 20 30 20 40 20 30 20 40 20 30 20
